65112704
04642752493
40290715213
72121525403
67822632994
58842415836
70651417430
16110630341
05021944517
98501774401
64702128453
16100895064
13612937167
93641684584
84281611979
29910857427
68880291745
20102846973
49271524730
81232640192
43010892805
16482216064
38040695568
28521424657
61870263366
24452695661
22890733372
66121229719
05112594515
91831387723
53013119690
52671951514
43472627064
68642827368
03671090460
03910159492
52090614687
27441049027
75011337289
67842761717
30011694611
30251918704
46080140821
12723183547
57441017672
24513001970
22070407035
82433020288
39920476912
10321328226
96672548158
32011001682
77092160162
26810277779
87670675790
02419615282
08515945861
39490633586
37512210960
53430406265
08511713761
51280179607
70071183768
73910649951
79460914758
98521305597
50870143039
70062417555
19110861001
47320157517
05832059400
20860215900
09071509065
40011352134
79872888799
15303009184
88312208985
69211149902
48632970012
78120446321
21428243062
41511274571
50481395151
53259740405
57042200710
32410548368
65780693017
00041247648
25651605521
86271936790
93420571683
55670515770
57250230114
93821837177
62511546822
79851398192
35921359791
73641975837
42842515221
77062295264
79270628111
45220495627
11090101348
04910305026
02030126976
14722337722
28451429423
46882939023
79491092043
83011374566
47620109667
60452991253
65652214704
99052652297
41832890988
00310842260
91722240197
69322072139
37242333069
45410807632
86492933275
782609933
59830556315
41121449693
08110430779
17120464560
21902499943
65633096103
72242023608
74756085239
99230667079
30100758217
03521634309
81242144710
95080266095
63311381772
82611944744
55613117171
74721950339
07860255867
08011960229
42302210202
18292499088
88422191494
58301907269
80231585189
15250136984
37080396695
64682553580
55670432196
35292433241
50123168741
66240216276
47812604912
98480284252
78281640082
99660450995
88711179402
65061045476
78681583907
90292916129
83481100337
46589813783
66841144631
24831383253
72081163248
24232120501
56632993351
64721066091
54013007886
00690973325
98071386240
20434535428
53722692756
67722603177
60021942491
59460220075
88665965065
49471829275
83222731206
59432855854
28912305068
64662987305
45630930207
05310170072
33442290669
70682946633
87642045190
29010856446
85521346194
96612521316
21270306586
94831914241
54701461277
75890834314
13890605116
18302687753
07320962683
96312070262
43521634961
00822027410
98040422472
69503155587
44911443127
08212383023
90840555646
53840392660
71642889269
27242434938
58092942821
99681864434
58241260194
61681945686
30082218770
26682515014
98052203939
55861705119
17111666199
94011125090
39091548683
06511230048
79641835779
49901694473
94411783434
93253152226
01691534421
64156336840
41821967013
98891486670
76881339654
09902227333
59323058290
42891223883
98652558211
05891577130
64071496481
07812769688
59242462462
63642856057
38818956615
20471102227
05612340227
08060139397
35720654402
71410635085
05080566729
56302312390
63112348152
59442745916
82632405961
51281440319
72520800901
31880562520
75230677748
22272248830
74691651142
96060256714
35281445529
60520434026
84346823897
23282134170
99441600780
51811846352
96691766736
39302571295
28682756237
68652614451
52440117538
35091725703
68231043713
32121502743
38031877653
53311876091
30431204049
81011442209
26072507458
69071198104
59050169496
03460229985
52510138641
95861206562
80513021682
62862537120
25262820043
00050755455
68510756471
03102781181
96810257684
56042730632
19412158348
14891511213
06821894103
33461094402
60300488096
55261718339
35892354768
54650844442
17521136581
77661886810
75682222721
72122120164
89044927513
10576653456
93420469360
88612731219
18891112023
36222701654
04121508125
56300610490
83611223349
71120725371
78630515249
09610290867
53911489721
92660337945
82472526840
97900987339
65661810599
44242688907
94450538633
08062084305
38050170501
89682816387
13670589676
82813031367
02812881480
52062446443
68241877746
58430658261
15232963753
73871047003
94022538469
73271095930
01305082755
95851022743
75721490470
83631976614
36612065[84
97283000575
89710115279
72473882548
00231126779
36512139299
91480310200
03090253279
37631865715
26082557348
10250690061
41810191806
90009258894
59040132
19292017548
65660419973
20632895135
64450164196
62472420207
11280974671
91312881908
93891063081
21072322986
11821507782
65622085976
05292097217
20671541222
07031997657
89241766212
73640993854
25871909425
71711261769
20850608441
38611792993
55613132523
45422774373
60721126517
66061436936
60241032868
15482498036
50453164206
07420954586
3337651548
67322510482
80292481978
32872943497
76690565437
71870678279
37870118982
05632908937
72290306147
08670850491
89431790207
99860183015
14231575938
24911950940
72072399917
43062150980
61240918036
65692785545
14670327754
99480813921
23010407241
50242588000
29445707846
67420307975
31330457259
87102314642
66222165569
17720821028
31221038435
59670925014
45231329432
54831422326
69320339373
84041276004
21120645696
61101997956
05882963887
26310285676
00062824192
67101458266
15282136343
22261703272
60462582292
22861112041
70012646408
38312116564
26510638128
16822719631
01430775151
86521356330
47503087121
36032019613
97862170624
92412066840
89520880668
26912355847
32891334731
71091289593
33903058910
23421875066
52710198430
70820815140
69252756709
28072957943
97481667549
99262375407
35030872936
95280187244
19681880668
66701883825
65312567595
64113003006
43031840649
59241396971
52211721469
87921438271
80320519154
23633103083
63611781823
95051335241
51711030408
72482444030
68060731326
41211139255
28650891582
03860344732
16671384387
07110783283
24720909001
67112295285
90082181870
62082470249
50021582823
90862759965
20811591496
62642942883
28072446678
83020937264
32022514164
72921737802
97240856755
20652207703
02310773243
76041475859
28121522759
57881889776
99512393184
67471668474
89010593162
27832590486
29100581103
41822785227
96461359920
90080402801
62291517533
13232619797
64281442663
34072229917
30852555092
63910359701
41230696052
77320109139
88681836912
65501140583
01020423433
57012030309
51870640649
45840419078
91900905607
69902167097
41111965996
74321289480
52700537391
94661281926
85891450415
38920912550
48620605285
68420714130
97852231803
01500895468
57462501624
38871975897
57670224096
25082299443
40491205050
49830281913
53832204092
44690475180
24082401933
44231347934
61490691613
23812207829
42692946570
84353507737
26290458679
27220451504
38102805821
05430932394
68501546243
40210645729
57083012417
30610699899
48411708834
90911645595
84611719290
90680863547
22082121385
51471231301
64691357445
77221949768
81630758118
19012294785
89501989845
37912583882
94882445189
89042397699
68250422229
44832976474
15812881312
85662490103
90040338508
23032390053
55840249966
64860266444
81100248204
64092753129
02871201429
39251884622
18622847282
07841838801
71620232951
29810319023
56210980575
88050782305
08292190624
54680663934
04882314099
61691623572
36901280485
33631014906
32871765355
06241773998
58422880898
39021117497
34482928246
30442018378
19510345969
09640444252
99491494942
22042728229
72040423398
86431489122
19102092408
61810793531
60212979279
65671475892
69040520101
06081095544
33030696846
54452881054
42481599840
38060793213
69073169784
14091971123
28692908850
85612412359
45660286226
98452506881
30090175184
71672392423
43480470F86
80452676600
90682555505
12290286774
58912503715
28621361188
72311521817
65101072448
73671783080
27680864957
89273181120
25310951552
30490273471
82311085158
63250198206
70322335625
59042425993
59241274198
62886798657
60481255434
83883092872
96892928926
00471901194
29831031540
68281386134
01722032665
99433629355
66722765498
87851218776
75301165846
79430287990
18890973906
80491691491
92861969660
43901360842
63411750902
72822670493
60411069140
66880129253
69250865717
48232032796
44672265349
65881160524
77240814029
06853196510
09231517075
35101528256
56221529578
38250931489
80662313674
86670961810
16640484061
51412865682
71301326933
60432288119
12282310832
85312371879
28841241701
26090460296
27050622026
29442267141
59720825312
31680651725
89882282272
13710631310
21701335437
99431608404
74870181172
17211361790
99441653030
59262463243
78511543062
74302798330
53281997741
73471973801
02822325109
64295033301
03311149138
04640393315
92921692516
87861823494
18812219509
45851388736
33630133152
48071524126
38572653768
50491978519
16652952408
51652861904
50112381423
15642905705
29653154861
27872608778
42721193924
57070275193
49101042210
132310H9770
73921895291
76033198229
85242506822
30672417398
58010426224
54661126616
16847385200
95080677240
17830284595
75311200476
02043093005
73301130015
03101066090
66480967448
21052875604
17852120619
81912920073
49090421300
42641235566
03050319276
39471092837
97040551296
16912081668
32082057030
25250725752
02040628141
69441044916
37881781780
87100943
98250106490
17502305809
88480294072
14301789670
36850772758
40043001640
43630801937
98472642598
92322498984
11060689359
08652115361
87443003083
00882182539
53631708751
57680114905
70811817188
30251155745
21051238284
69913081052
99110933188
06640626206
61812144946
24101450629
60051360830
20260758316
36812224996
87822786752
46660904719
98280277744
81460981401
40042301673
25301128644
81050520289
31840545349
69302191221
23290457295
96692031275
02481814556
43092343383
11061111620
58720931045
561 2050203
61460224928
19092885189
26811267379
59061359589
29110130889
16432476245
44111225767
81671438216
04251725152
12080375978
61400853977
98073114166
03822365658
20701816119
42270786965
87630249397
52482623510
26691479707
60700922869
52411684674
73512170037
46116655800
11240920395
79811786579
14300123187
48451753739
14033107636
51111588453
24910653608
33911124613
39220533155
62422312105
92911581163
06924054037
64480646491
32690819020
87652409917
13512052155
35872762666
37821066739
58842671117
83850540825
46452603398
25922396974
94231237717
61700595719
36632970842
87300481133
14422245932
38682500934
53883114078
36090987125
79712500124
12890513236
82450164231
56072455048
71690687772
11232136777
18832824112
04231830711
45050280936
62921999500
12240135882
73111611973
13231785167
50301394992
86661595435
94320180575
85271985865
21281340247
14473043848
47903195909
40471727259
03112000065
91576811530
94521289316
48671879798
17021511978
50901918777
18052916321
38030854872
53052408968
11840116826
16920304470
08920363892
98680823145
38832697240
39301458214
30320529589
35310807173
78511459105
08502366820
15511974328
18891242791
03492927969
72061910329
80841795161
97851102540
17442990484
40110543581
40012813878
31631494125
62061930777
94011465635
35121390837
11281056789
86101573043
39920688737
46900641857
00822863131
02030476323
02090545296
14212479055
48091224844
88441218190
61721806166
31112856478
040123\8464
91092750955
69462824900
71210425976
39281408450
70502768100
53690123771
77723149642
31682869582
32651531169
64010545634
39880754208
04441965946
69301229271
78242017861
32610355940
63116011526
83251889729
15260375973
22122588101
18840960257
07671942215
73272066962
65640227800
63033003213
87100729947
50882141401
63902393292
17300752218
51031682004
34290318170
12642124499
16681812526
05021864967
70920970228
61641439404
74051109919
20820674623
06482424251
09825993{56
27631335286
06662547527
80250160923
08653051392
05321031005
99871848468
49722840169
23052074236
99470286205
11941616397
99510169561
53920128129
88881213010
21940348939
21080241628
83273027570
40812570074
86445523993
37901462045
43010558518
78621728810
70902750422
90711605498
72310997141
43090261269
35092880207
08211431178
50066409569
64093059811
44412184611
35910847357
20642049979
3`493058404
44610596186
39320399046
67843020288
18481323585
89633186154
11432753464
13306584785
71640212513
19060865052
69041448183
03041814502
94670338286
50061528900
41440764482
36650808006
78262480421
21481652270
98632708225
17482734244
11291756215
14879771666
22612654482
42422119605
52862013416
22050273371
04502933884
15262886185
32121844960
94471025190
85461299301
12148470049
07692252098
78231985048
